1000
-2
-2
-2
-3
-3
-3
-1
-2
-3
-2
-2
-2
-3
-3
-3
-2
54
-2
-3
-2
-3
-2
-2
-2
53
-2
-2
-2
-3
-3
-2
-2
-3
-3
-3
-3
-2
-3
-3
-2
-3
41
-2
41
53
-3
-2
-2
-3
65
41
40
-2
-3
-3
-2
-3
-2
-2
-3
-3
-3
-3
-3
-3
-2
-3
57
-2
-3
-2
-2
60
-3
-2
-2
-3
-3
-2
-2
-3
-2
-2
-2
-2
-2
-3
-2
-2
-3
-3
-2
88
-2
-2
-3
-2
-2
-2
42
-3
-3
91
-2
-2
-2
-3
-2
-3
-2
-3
-3
-2
-2
-2
-2
-2
-2
-2
-3
-2
-3
-3
-3
-3
-3
-2
-3
-2
-1
41
41
-3
-2
-3
-3
-3
-3
-2
-3
-3
-3
-3
-2
-3
-3
-2
-3
-3
-2
-2
41
-2
-3
-3
-3
-3
-3
-3
-3
55
63
-2
-3
-2
-2
-3
-3
-2
-2
-3
-3
-3
-3
-3
70
-2
-2
-3
-3
-3
-3
-3
-2
-2
-2
-2
66
55
44
-3
-2
-2
-3
-3
-3
-2
-3
-2
-2
-2
-2
-1
-3
-2
-3
-2
-2
-3
-2
-3
-2
-2
-2
85
-2
-2
-2
-2
-2
-2
-2
-3
-3
-2
65
54
-3
71
-2
-3
-2
-2
-3
-2
-2
-2
-2
-2
-3
-2
-2
-2
-3
-2
-3
-3
-2
-3
-3
-2
-3
-2
-3
-2
-2
-3
-1
-3
78
-3
-2
-2
-3
-3
-3
-2
41
-3
-2
-2
-2
-2
-2
-3
-3
-2
-3
-2
-2
-3
-2
-2
-2
57
-3
-3
-3
-3
-3
-3
-2
-2
-3
-2
-2
-3
-2
-2
-2
40
-3
-2
-3
-2
-3
-1
-3
-3
-2
53
-3
-2
-3
-2
-2
-3
-3
-2
-3
-3
55
-3
-2
-2
-2
-2
-2
-2
-2
-2
-3
-3
-2
63
-2
-3
-3
-2
-3
-2
-3
-2
-2
-2
87
-3
-2
-3
-3
-3
-2
-2
-2
-2
-2
-3
-3
-3
-2
-3
-3
-2
-2
-2
-3
-3
-3
-3
-2
-3
-3
-2
66
-2
-2
-3
-2
-3
-3
-2
-2
-2
-3
-3
-3
-2
-3
-3
81
-2
-3
-2
-3
-2
-2
-3
-2
-2
-2
-2
-2
-2
-2
-3
-3
-2
-2
-3
-3
-2
-2
-3
-2
-2
-3
66
-2
-3
-3
-3
43
-3
-2
-2
-3
-3
-2
-3
-3
-3
-2
-3
58
-3
-2
-3
-2
-3
-3
-3
-3
-3
65
-3
-2
55
-2
-2
61
-2
41
-2
-2
-2
-3
-3
-3
-3
-3
-3
-3
41
-3
-3
-3
-3
-2
-3
-2
-2
-3
-3
-2
-2
-3
-1
-3
-3
-3
-3
-1
-2
-2
-3
55
-2
-3
-2
-3
-3
-3
-2
-3
-3
-2
-2
-2
62
-2
-3
-3
-3
-3
-3
-2
-2
-3
-2
-3
-2
-1
-2
-3
-3
-3
-2
-3
-2
39
-3
-3
-3
-3
-3
-2
-2
-3
-3
-2
-2
-3
-2
-2
-3
-3
-2
-3
-2
-3
-2
-3
-3
-2
-2
-2
-3
-2
-3
-2
-2
-2
-3
-2
-2
-3
-3
43
-3
38
-2
-2
-2
-2
-2
-3
-2
-2
-2
-2
-2
71
-2
-3
-2
-2
-3
-3
-3
-3
-3
-3
-3
-2
-2
-3
-3
44
-3
-2
-3
-2
63
-3
-3
-2
-2
-2
-2
-3
-3
-3
-3
-3
-3
57
-2
-3
-3
-2
-3
-2
-3
-2
-2
-3
-2
44
-2
-3
-3
-3
-3
-3
40
-1
-2
-2
-3
-1
-3
-2
-1
-2
-3
-2
-2
-3
-2
-3
-2
-3
-3
-3
-3
-2
-3
-2
-3
-2
-2
-2
-3
-3
-3
-3
-3
-2
-2
-2
-2
-2
-2
-3
-3
-3
-3
-3
-2
40
-2
-3
-3
-3
-2
-3
-2
-3
-3
-2
-2
-3
-2
-3
-2
64
-3
-3
-2
-2
-2
-3
-2
-3
-2
-2
-2
-2
-3
-3
-2
-2
-2
71
-2
-2
-2
40
-3
-2
-3
-2
-3
-2
-2
-3
-3
-2
-3
-3
-2
-3
-3
-2
-2
-2
-3
-3
-3
-3
-2
-3
-2
-2
-3
-3
-2
-2
-3
-2
-2
-3
-2
-3
-2
-2
-2
-2
-2
-2
-3
-3
-2
-3
-3
-2
-3
-3
-3
-2
-2
-3
-2
-2
-3
-2
-2
57
-2
-2
-2
-2
-2
-2
-3
-2
-2
63
-3
-2
-3
-3
-3
-2
-3
-3
-2
-3
-3
-3
-2
-2
-2
-3
-3
-2
-2
-2
-3
-3
-3
-3
-2
-3
-3
-3
-2
-2
-3
-3
-3
-3
-2
-3
-3
-2
-2
-3
-2
-3
-3
-3
-3
-2
-2
-2
-3
-3
-3
-2
-2
-2
-2
-2
-2
-3
-2
-3
-3
-3
-3
-3
-2
-2
-2
-3
-3
-3
-3
-2
-2
-3
-1
-3
-3
-3
-1
-3
-3
-3
-3
-3
-3
-3
-2
-3
-3
-3
-3
-2
-3
-2
-3
-3
-3
-3
-2
-3
-3
-3
-3
-3
-2
-3
-2
-3
-2
-3
-2
-3
-3
-2
-3
-2
-3
-2
-2
-3
-3
-3
-3
-3
-2
-2
-3
-2
-2
-3
-3
-2
-3
-3
-2
-3
-2
-3
-2
-3
-2
-3
57
-3
-2
-2
-3
-3
-3
-3
-3
-3
-2
-2
-2
-2
-2
-3
-3
-3
-2
-3
-2
-3
-3
-3
-3
-2
-3
-2
-3
57
58
-3
-2
-3
-2
-2
-3
-3
-3
-3
-3
-2
-2
-2
-2
-3
-3
-2
-2
-2
-3
-3
-3
-2
-3
-3
-3
-3
39
-2
-2
-2
-2
-3
-3
-3
-2
-2
-2
-2
-2
-2
-2
-2
-2
-1
-2
-3
-2
-2
